
 ++++++++++++++++ TEST 1QTL / 2QTL ++++++++++++++++++++

        0.01    0.06    0.11    0.16    0.21    0.26    0.31    0.36    0.41    0.46    0.51    0.56    0.61    0.66    0.71    0.76    0.81    0.86    0.91    0.96    1.01    1.06    1.11    1.16    1.21    1.26    1.31    1.36    1.41    1.46    1.51    1.56    1.61    1.66
 0.01    0.00  -23.46  -17.87  -16.59  -17.17  -15.05  -10.30   -5.93   -2.67   -0.48    0.95    9.01   17.61   23.71   22.29   17.60   13.99    6.75   -3.28  -12.03  -17.43  -11.98   -7.80   -7.80   -8.30   -6.65   -6.22   -7.43   -9.95  -12.96  -16.43  -20.87  -24.51  -25.71
 0.06  -23.46    0.00  -19.59  -19.59  -19.59  -17.25  -13.28   -9.36   -5.84   -3.01   -0.85    7.22   16.20   22.53   21.49   16.89   13.00    5.78   -3.49  -10.97  -15.17   -9.37   -5.51   -5.85   -6.24   -4.15   -3.18   -3.80   -5.77   -8.32  -11.88  -16.94  -21.51  -23.52
 0.11  -17.87  -19.59   -8.81  -19.59  -19.59  -17.64  -14.19  -10.74   -7.79   -5.44   -3.58    5.03   14.09   20.28   19.11   14.41   10.38    3.12   -5.62  -12.17  -15.63   -9.99   -6.66   -7.18   -7.43   -5.18   -3.87   -4.02   -5.52   -7.69  -10.97  -15.95  -20.58  -22.34
 0.16  -16.59  -19.59  -19.59    0.00  -19.59  -18.32  -14.84  -11.49   -8.86   -6.86   -5.36    4.67   13.92   19.50   17.37   12.25    8.06    0.71   -7.55  -13.25  -16.14  -10.19   -7.25   -8.29   -8.77   -6.79   -5.62   -5.74   -7.05   -8.95  -12.06  -17.08  -21.53  -22.74
 0.21  -17.17  -19.59  -19.59  -19.59   -3.58  -17.19  -10.19   -7.01   -5.38   -4.42   -3.80    7.90   16.86   21.37   17.76   12.11    7.79    0.32   -7.83  -13.17  -15.93   -9.03   -5.89   -7.44   -8.46   -7.16   -6.70   -7.42   -9.10  -11.13  -14.36  -19.45  -23.43  -24.14
 0.26  -15.05  -17.25  -17.64  -18.32  -17.19   -1.60   -2.30   -2.30   -2.30   -2.30   -2.30   10.46   18.88   22.76   18.41   12.75    8.74    1.72   -5.73  -10.68  -13.47   -6.45   -3.32   -5.06   -6.32   -5.32   -5.11   -5.95   -7.59   -9.46  -12.52  -17.37  -20.93  -21.36
 0.31  -10.30  -13.28  -14.19  -14.84  -10.19   -2.30    0.00   -2.30   -2.30   -2.30   -2.30   11.66   19.16   22.67   18.17   13.10    9.89    4.20   -1.76   -6.37   -9.14   -2.68    0.11   -1.76   -3.05   -1.99   -1.52   -1.91   -2.96   -4.21   -6.78  -11.34  -14.71  -15.05
 0.36   -5.93   -9.36  -10.74  -11.49   -7.01   -2.30   -2.30    0.00   -2.30   -2.30   -2.30   13.03   18.84   21.95   17.57   13.49   11.60    7.79    2.37   -1.93   -4.45    1.34    3.78    1.81    0.60    1.93    2.84    3.06    2.70    2.09    0.06   -4.28   -7.75   -8.26
 0.41   -2.67   -5.84   -7.79   -8.86   -5.38   -2.30   -2.30   -2.30   -0.50   -2.30   -2.30   14.18   17.89   20.61   16.73   13.95   14.09   10.38    5.46    1.75   -0.50    4.63    6.68    4.68    3.67    5.45    6.92    7.74    7.95    7.77    6.10    1.84   -1.91   -2.74
 0.46   -0.48   -3.01   -5.44   -6.86   -4.42   -2.30   -2.30   -2.30   -2.30 *******   -2.30   14.68   17.30   19.29   15.91   14.51   14.29   10.97    6.94    3.58    1.47    6.05    7.89    6.00    5.26    7.52    9.46   10.65   11.09   10.97    9.34    5.14    1.27    0.22
 0.51    0.95   -0.85   -3.58   -5.36   -3.80   -2.30   -2.30   -2.30   -2.30   -2.30    0.00   16.90   17.33   18.49   14.85   12.37   12.67   10.49    6.70    3.42    1.35    5.59    7.48    5.85    5.37    7.98   10.17   11.46   11.82   11.50    9.68    5.62    1.95    0.89
 0.56    9.01    7.22    5.03    4.67    7.90   10.46   11.66   13.03   14.18   14.68   16.90   -0.00   16.06   17.25   14.05   13.42   16.13   15.89   13.30   10.84    9.24   13.25   14.98   13.08   12.42   15.00   17.02   18.03   18.02   17.29   15.17   11.47    8.59    7.93
 0.61   17.61   16.20   14.09   13.92   16.86   18.88   19.16   18.84   17.89   17.30   17.33   16.06    0.00   14.92   13.69   16.76   20.78   20.74   18.99   17.55   16.71   20.58   22.37   20.66   19.95   22.10   23.59   24.02   23.43   22.19   19.85   16.98   15.38   15.36
 0.66   23.71   22.53   20.28   19.50   21.37   22.76   22.67   21.95   20.61   19.29   18.49   17.25   14.92    0.00   13.28   18.10   22.68   23.96   23.67   23.19   22.81   26.11   27.52   25.47   24.51   26.34   27.45   27.54   26.68   25.26   23.14   20.94   19.94   20.23
 0.71   22.29   21.49   19.11   17.37   17.76   18.41   18.17   17.57   16.73   15.91   14.85   14.05   13.69   13.28    0.00   20.57   24.49   23.45   22.74   22.36   22.12   25.43   26.54   23.96   22.72   24.37   25.23   25.04   24.00   22.57   20.49   18.40   17.41   17.71
 0.76   17.60   16.89   14.41   12.25   12.11   12.75   13.10   13.49   13.95   14.51   12.37   13.42   16.76   18.10   20.57    0.00   16.87   16.86   16.86   16.86   16.86   21.31   21.98   19.42   18.33   20.19   21.22   21.17   20.24   18.89   16.61   14.12   12.68   12.80
 0.81   13.99   13.00   10.38    8.06    7.79    8.74    9.89   11.60   14.09   14.29   12.67   16.13   20.78   22.68   24.49   16.87    0.00   16.86   16.86   16.86   16.85   20.68   20.30   17.35   16.29   18.03   19.01   19.03   18.24   17.04   14.70   11.81    9.99   10.29
 0.86    6.75    5.78    3.12    0.71    0.32    1.72    4.20    7.79   10.38   10.97   10.49   15.89   20.74   23.96   23.45   16.86   16.86    0.00   16.86   16.85   16.85   18.84   15.73   12.00   10.91   12.39   13.17   13.10   12.33   11.21    8.86    5.64    3.54    4.08
 0.91   -3.28   -3.49   -5.62   -7.55   -7.83   -5.73   -1.76    2.37    5.46    6.94    6.70   13.30   18.99   23.67   22.74   16.86   16.86   16.86    0.00   16.85   16.85   13.42    6.46    2.50    1.70    3.03    3.65    3.50    2.79    1.74   -0.48   -3.74   -5.85   -5.15
 0.96  -12.03  -10.97  -12.17  -13.25  -13.17  -10.68   -6.37   -1.93    1.75    3.58    3.42   10.84   17.55   23.19   22.36   16.86   16.86   16.85   16.85    0.00   16.83    0.22   -6.19   -8.30   -8.16   -6.65   -5.89   -5.79   -6.25   -7.19   -9.12  -12.15  -14.08  -13.37
 1.01  -17.43  -15.17  -15.63  -16.14  -15.93  -13.47   -9.14   -4.45   -0.50    1.47    1.35    9.24   16.71   22.81   22.12   16.86   16.85   16.85   16.85   16.83    0.00  -15.39  -15.39  -15.38  -14.59  -13.04  -12.11  -11.68  -12.06  -13.09  -14.81  -17.51  -19.24  -18.62
 1.06  -11.98   -9.37   -9.99  -10.19   -9.03   -6.45   -2.68    1.34    4.63    6.05    5.59   13.25   20.58   26.11   25.43   21.31   20.68   18.84   13.42    0.22  -15.39    0.00  -15.39  -15.38  -14.63  -13.07  -11.38  -10.47  -10.52  -11.05  -12.39  -14.61  -15.83  -15.07
 1.11   -7.80   -5.51   -6.66   -7.25   -5.89   -3.32    0.11    3.78    6.68    7.89    7.48   14.98   22.37   27.52   26.54   21.98   20.30   15.73    6.46   -6.19  -15.39  -15.39    0.00  -15.38  -14.74  -12.50  -10.85  -10.46  -10.59  -10.93  -12.02  -13.82  -14.74  -14.03
 1.16   -7.80   -5.85   -7.18   -8.29   -7.44   -5.06   -1.76    1.81    4.68    6.00    5.85   13.08   20.66   25.47   23.96   19.42   17.35   12.00    2.50   -8.30  -15.38  -15.38  -15.38    0.00  -14.64  -13.22  -13.55  -13.86  -14.09  -14.25  -15.12  -16.55  -17.04  -16.15
 1.21   -8.30   -6.24   -7.43   -8.77   -8.46   -6.32   -3.05    0.60    3.67    5.26    5.37   12.42   19.95   24.51   22.72   18.33   16.29   10.91    1.70   -8.16  -14.59  -14.63  -14.74  -14.64    0.00  -16.51  -16.52  -16.52  -16.52  -16.53  -17.18  -18.22  -18.19  -17.09
 1.26   -6.65   -4.15   -5.18   -6.79   -7.16   -5.32   -1.99    1.93    5.45    7.52    7.98   15.00   22.10   26.34   24.37   20.19   18.03   12.39    3.03   -6.65  -13.04  -13.07  -12.50  -13.22  -16.51    0.00  -16.52  -16.52  -16.53  -16.53  -16.86  -17.26  -16.48  -15.10
 1.31   -6.22   -3.18   -3.87   -5.62   -6.70   -5.11   -1.52    2.84    6.92    9.46   10.17   17.02   23.59   27.45   25.23   21.22   19.01   13.17    3.65   -5.89  -12.11  -11.38  -10.85  -13.55  -16.52  -16.52    0.00  -16.53  -16.53  -16.53  -16.39  -16.05  -14.69  -13.43
 1.36   -7.43   -3.80   -4.02   -5.74   -7.42   -5.95   -1.91    3.06    7.74   10.65   11.46   18.03   24.02   27.54   25.04   21.17   19.03   13.10    3.50   -5.79  -11.68  -10.47  -10.46  -13.86  -16.52  -16.52  -16.53    0.00  -16.53  -16.54  -15.71  -14.64  -13.40  -12.74
 1.41   -9.95   -5.77   -5.52   -7.05   -9.10   -7.59   -2.96    2.70    7.95   11.09   11.82   18.02   23.43   26.68   24.00   20.24   18.24   12.33    2.79   -6.25  -12.06  -10.52  -10.59  -14.09  -16.52  -16.53  -16.53  -16.53    0.00  -16.54  -14.76  -13.77  -13.56  -13.61
 1.46  -12.96   -8.32   -7.69   -8.95  -11.13   -9.46   -4.21    2.09    7.77   10.97   11.50   17.29   22.19   25.26   22.57   18.89   17.04   11.21    1.74   -7.19  -13.09  -11.05  -10.93  -14.25  -16.53  -16.53  -16.53  -16.54  -16.54    0.00  -14.50  -15.45  -15.82  -15.99
 1.51  -16.43  -11.88  -10.97  -12.06  -14.36  -12.52   -6.78    0.06    6.10    9.34    9.68   15.17   19.85   23.14   20.49   16.61   14.70    8.86   -0.48   -9.12  -14.81  -12.39  -12.02  -15.12  -17.18  -16.86  -16.39  -15.71  -14.76  -14.50    0.00  -17.24  -17.24  -17.24
 1.56  -20.87  -16.94  -15.95  -17.08  -19.45  -17.37  -11.34   -4.28    1.84    5.14    5.62   11.47   16.98   20.94   18.40   14.12   11.81    5.64   -3.74  -12.15  -17.51  -14.61  -13.82  -16.55  -18.22  -17.26  -16.05  -14.64  -13.77  -15.45  -17.24    0.00  -17.24  -17.24
 1.61  -24.51  -21.51  -20.58  -21.53  -23.43  -20.93  -14.71   -7.75   -1.91    1.27    1.95    8.59   15.38   19.94   17.41   12.68    9.99    3.54   -5.85  -14.08  -19.24  -15.83  -14.74  -17.04  -18.19  -16.48  -14.69  -13.40  -13.56  -15.82  -17.24  -17.24    0.00  -17.24
 1.66  -25.71  -23.52  -22.34  -22.74  -24.14  -21.36  -15.05   -8.26   -2.74    0.22    0.89    7.93   15.36   20.23   17.71   12.80   10.29    4.08   -5.15  -13.37  -18.62  -15.07  -14.03  -16.15  -17.09  -15.10  -13.43  -12.74  -13.61  -15.99  -17.24  -17.24  -17.24    0.00

  +++++++++++++++++ TEST 0QTL / 2QTL ++++++++++++++++++++

        0.01    0.06    0.11    0.16    0.21    0.26    0.31    0.36    0.41    0.46    0.51    0.56    0.61    0.66    0.71    0.76    0.81    0.86    0.91    0.96    1.01    1.06    1.11    1.16    1.21    1.26    1.31    1.36    1.41    1.46    1.51    1.56    1.61    1.66
 0.01    0.00   36.81   42.40   43.68   43.10   45.22   49.97   54.34   57.60   59.79   61.22   69.28   77.88   83.98   82.56   77.87   74.26   67.02   56.99   48.24   42.84   48.29   52.47   52.47   51.97   53.62   54.05   52.84   50.32   47.31   43.84   39.40   35.76   34.56
 0.06   36.81    0.00   40.68   40.68   40.68   43.02   46.99   50.91   54.43   57.26   59.42   67.49   76.47   82.80   81.76   77.16   73.27   66.05   56.78   49.30   45.10   50.90   54.76   54.42   54.03   56.12   57.09   56.47   54.50   51.95   48.39   43.33   38.76   36.75
 0.11   42.40   40.68   -0.05   40.68   40.68   42.63   46.08   49.53   52.48   54.83   56.69   65.30   74.36   80.55   79.38   74.68   70.65   63.39   54.65   48.10   44.64   50.28   53.61   53.09   52.84   55.09   56.40   56.25   54.75   52.58   49.30   44.32   39.69   37.93
 0.16   43.68   40.68   40.68    0.00   40.68   41.95   45.43   48.78   51.41   53.41   54.91   64.94   74.19   79.77   77.64   72.52   68.33   60.98   52.72   47.02   44.13   50.08   53.02   51.98   51.50   53.48   54.65   54.52   53.22   51.32   48.21   43.19   38.74   37.53
 0.21   43.10   40.68   40.68   40.68    0.00   43.08   50.08   53.26   54.89   55.85   56.47   68.17   77.13   81.64   78.03   72.38   68.06   60.59   52.44   47.10   44.34   51.24   54.38   52.83   51.81   53.11   53.57   52.85   51.17   49.14   45.91   40.82   36.84   36.13
 0.26   45.22   43.02   42.63   41.95   43.08   -3.89   57.97   57.97   57.97   57.97   57.97   70.73   79.15   83.03   78.68   73.02   69.01   61.98   54.54   49.59   46.80   53.82   56.95   55.21   53.95   54.95   55.16   54.32   52.68   50.81   47.75   42.90   39.34   38.91
 0.31   49.97   46.99   46.08   45.43   50.08   57.97    0.00   57.97   57.97   57.97   57.97   71.93   79.43   82.94   78.44   73.37   70.16   64.47   58.51   53.90   51.13   57.59   60.38   58.51   57.22   58.28   58.75   58.36   57.31   56.06   53.49   48.93   45.56   45.22
 0.36   54.34   50.91   49.53   48.78   53.26   57.97   57.97    0.00   57.97   57.97   57.97   73.30   79.11   82.22   77.84   73.76   71.87   68.06   62.64   58.34   55.82   61.61   64.05   62.08   60.87   62.20   63.11   63.33   62.97   62.36   60.33   55.99   52.52   52.01
 0.41   57.60   54.43   52.48   51.41   54.89   57.97   57.97   57.97   -0.27   57.97   57.97   74.45   78.16   80.88   77.00   74.22   74.36   70.65   65.73   62.01   59.77   64.90   66.95   64.95   63.94   65.72   67.19   68.01   68.22   68.04   66.37   62.11   58.36   57.53
 0.46   59.79   57.26   54.83   53.41   55.85   57.97   57.97   57.97   57.97 *******   57.97   74.95   77.57   79.56   76.18   74.78   74.56   71.24   67.21   63.85   61.74   66.32   68.16   66.27   65.53   67.79   69.73   70.92   71.36   71.24   69.61   65.41   61.54   60.49
 0.51   61.22   59.42   56.69   54.91   56.47   57.97   57.97   57.97   57.97   57.97    0.00   77.17   77.60   78.76   75.12   72.64   72.93   70.76   66.97   63.69   61.62   65.86   67.75   66.12   65.64   68.25   70.44   71.73   72.09   71.77   69.95   65.89   62.22   61.16
 0.56   69.28   67.49   65.30   64.94   68.17   70.73   71.93   73.30   74.45   74.95   77.17    0.00   76.33   77.52   74.32   73.69   76.40   76.16   73.57   71.11   69.51   73.52   75.25   73.35   72.69   75.27   77.29   78.30   78.29   77.56   75.44   71.74   68.86   68.20
 0.61   77.88   76.47   74.36   74.19   77.13   79.15   79.43   79.11   78.16   77.57   77.60   76.33    0.00   75.19   73.96   77.03   81.05   81.01   79.26   77.82   76.98   80.85   82.64   80.93   80.22   82.37   83.86   84.29   83.70   82.46   80.12   77.25   75.65   75.63
 0.66   83.98   82.80   80.55   79.77   81.64   83.03   82.94   82.22   80.88   79.56   78.76   77.52   75.19    0.00   73.55   78.37   82.95   84.23   83.94   83.46   83.08   86.38   87.79   85.74   84.78   86.61   87.72   87.81   86.95   85.53   83.41   81.21   80.21   80.50
 0.71   82.56   81.76   79.38   77.64   78.03   78.68   78.44   77.84   77.00   76.18   75.12   74.32   73.96   73.55    0.00   80.84   84.76   83.72   83.01   82.63   82.39   85.70   86.81   84.23   82.99   84.64   85.50   85.31   84.27   82.84   80.76   78.67   77.68   77.98
 0.76   77.87   77.16   74.68   72.52   72.38   73.02   73.37   73.76   74.22   74.78   72.64   73.69   77.03   78.37   80.84    0.00   77.14   77.13   77.13   77.13   77.13   81.58   82.25   79.69   78.60   80.46   81.49   81.44   80.51   79.16   76.88   74.39   72.95   73.07
 0.81   74.26   73.27   70.65   68.33   68.06   69.01   70.16   71.87   74.36   74.56   72.93   76.40   81.05   82.95   84.76   77.14    0.00   77.13   77.13   77.13   77.12   80.95   80.57   77.62   76.56   78.30   79.28   79.30   78.51   77.31   74.97   72.08   70.26   70.56
 0.86   67.02   66.05   63.39   60.98   60.59   61.98   64.47   68.06   70.65   71.24   70.76   76.16   81.01   84.23   83.72   77.13   77.13    0.00   77.13   77.12   77.12   79.10   76.00   72.26   71.18   72.66   73.44   73.37   72.60   71.48   69.13   65.91   63.81   64.35
 0.91   56.99   56.78   54.65   52.72   52.44   54.54   58.51   62.64   65.73   67.21   66.97   73.57   79.26   83.94   83.01   77.13   77.13   77.13    0.00   77.12   77.12   73.69   66.73   62.77   61.97   63.30   63.92   63.77   63.06   62.01   59.79   56.53   54.42   55.11
 0.96   48.24   49.30   48.10   47.02   47.10   49.59   53.90   58.34   62.01   63.85   63.69   71.11   77.82   83.46   82.63   77.13   77.13   77.12   77.12    0.00   77.10   60.49   54.08   51.97   52.11   53.62   54.38   54.48   54.02   53.08   51.15   48.12   46.19   46.90
 1.01   42.84   45.10   44.64   44.13   44.34   46.80   51.13   55.82   59.77   61.74   61.62   69.51   76.98   83.08   82.39   77.13   77.12   77.12   77.12   77.10    0.00   44.88   44.88   44.89   45.68   47.23   48.16   48.59   48.21   47.18   45.46   42.76   41.03   41.65
 1.06   48.29   50.90   50.28   50.08   51.24   53.82   57.59   61.61   64.90   66.32   65.86   73.52   80.85   86.38   85.70   81.58   80.95   79.10   73.69   60.49   44.88    0.00   44.88   44.89   45.64   47.20   48.89   49.80   49.75   49.22   47.88   45.66   44.44   45.20
 1.11   52.47   54.76   53.61   53.02   54.38   56.95   60.38   64.05   66.95   68.16   67.75   75.25   82.64   87.79   86.81   82.25   80.57   76.00   66.73   54.08   44.88   44.88    0.00   44.89   45.53   47.77   49.42   49.81   49.68   49.34   48.25   46.45   45.53   46.24
 1.16   52.47   54.42   53.09   51.98   52.83   55.21   58.51   62.08   64.95   66.27   66.12   73.35   80.93   85.74   84.23   79.69   77.62   72.26   62.77   51.97   44.89   44.89   44.89    0.00   45.63   47.05   46.72   46.41   46.18   46.02   45.15   43.72   43.23   44.12
 1.21   51.97   54.03   52.84   51.50   51.81   53.95   57.22   60.87   63.94   65.53   65.64   72.69   80.22   84.78   82.99   78.60   76.56   71.18   61.97   52.11   45.68   45.64   45.53   45.63    0.00   43.76   43.75   43.75   43.75   43.74   43.09   42.05   42.08   43.18
 1.26   53.62   56.12   55.09   53.48   53.11   54.95   58.28   62.20   65.72   67.79   68.25   75.27   82.37   86.61   84.64   80.46   78.30   72.66   63.30   53.62   47.23   47.20   47.77   47.05   43.76    0.00   43.75   43.75   43.74   43.74   43.41   43.01   43.79   45.17
 1.31   54.05   57.09   56.40   54.65   53.57   55.16   58.75   63.11   67.19   69.73   70.44   77.29   83.86   87.72   85.50   81.49   79.28   73.44   63.92   54.38   48.16   48.89   49.42   46.72   43.75   43.75    0.00   43.74   43.74   43.74   43.88   44.22   45.58   46.84
 1.36   52.84   56.47   56.25   54.52   52.85   54.32   58.36   63.33   68.01   70.92   71.73   78.30   84.29   87.81   85.31   81.44   79.30   73.37   63.77   54.48   48.59   49.80   49.81   46.41   43.75   43.75   43.74    0.00   43.74   43.73   44.56   45.63   46.87   47.53
 1.41   50.32   54.50   54.75   53.22   51.17   52.68   57.31   62.97   68.22   71.36   72.09   78.29   83.70   86.95   84.27   80.51   78.51   72.60   63.06   54.02   48.21   49.75   49.68   46.18   43.75   43.74   43.74   43.74    0.00   43.73   45.51   46.50   46.71   46.66
 1.46   47.31   51.95   52.58   51.32   49.14   50.81   56.06   62.36   68.04   71.24   71.77   77.56   82.46   85.53   82.84   79.16   77.31   71.48   62.01   53.08   47.18   49.22   49.34   46.02   43.74   43.74   43.74   43.73   43.73    0.00   45.77   44.82   44.45   44.28
 1.51   43.84   48.39   49.30   48.21   45.91   47.75   53.49   60.33   66.37   69.61   69.95   75.44   80.12   83.41   80.76   76.88   74.97   69.13   59.79   51.15   45.46   47.88   48.25   45.15   43.09   43.41   43.88   44.56   45.51   45.77    0.00   43.03   43.03   43.03
 1.56   39.40   43.33   44.32   43.19   40.82   42.90   48.93   55.99   62.11   65.41   65.89   71.74   77.25   81.21   78.67   74.39   72.08   65.91   56.53   48.12   42.76   45.66   46.45   43.72   42.05   43.01   44.22   45.63   46.50   44.82   43.03    0.00   43.03   43.03
 1.61   35.76   38.76   39.69   38.74   36.84   39.34   45.56   52.52   58.36   61.54   62.22   68.86   75.65   80.21   77.68   72.95   70.26   63.81   54.42   46.19   41.03   44.44   45.53   43.23   42.08   43.79   45.58   46.87   46.71   44.45   43.03   43.03    0.00   43.03
 1.66   34.56   36.75   37.93   37.53   36.13   38.91   45.22   52.01   57.53   60.49   61.16   68.20   75.63   80.50   77.98   73.07   70.56   64.35   55.11   46.90   41.65   45.20   46.24   44.12   43.18   45.17   46.84   47.53   46.66   44.28   43.03   43.03   43.03    0.00
